
Quasi-Newton Method with Limited-Memory BFGS
Line Search: Cubic Interpolation satisfying Strong Wolfe Conditions
  iter  value          gnorm          snorm          #fval     #grad     ls_#fval  ls_#grad  
  0     6.842365e+01   2.922963e+00   
  1     6.486254e+01   3.338381e+00   2.356792e+00   5         2         4         0         
  2     4.928710e+01   2.170025e+00   1.031187e+00   6         3         1         0         
  3     4.877009e+01   8.825638e-01   2.224169e-01   7         4         1         0         
  4     4.875621e+01   2.862933e-02   3.486591e-02   8         5         1         0         
  5     4.875619e+01   1.139402e-02   1.230770e-03   9         6         1         0         
  6     4.875619e+01   1.195507e-02   6.659162e-04   10        7         1         0         
  7     4.875611e+01   3.808068e-02   1.013252e-02   11        8         1         0         
  8     4.875597e+01   6.958136e-02   2.053161e-02   12        9         1         0         
  9     4.875563e+01   1.121033e-01   5.577903e-02   13        10        1         0         
  10    4.875523e+01   1.225897e-01   7.815568e-02   14        11        1         0         
  11    4.875464e+01   9.144574e-02   8.807556e-02   15        12        1         0         
  12    4.875418e+01   2.327915e-02   1.068690e-01   16        13        1         0         
  13    4.875414e+01   5.974691e-03   1.021145e-02   17        14        1         0         
  14    4.875413e+01   9.130652e-03   5.090942e-03   18        15        1         0         
  15    4.875413e+01   8.632162e-03   4.913137e-03   19        16        1         0         
  16    4.875410e+01   1.224988e-02   2.348600e-02   20        17        1         0         
  17    4.875404e+01   1.228252e-02   1.838737e-02   21        18        1         0         
  18    4.875386e+01   4.824972e-02   6.883020e-02   22        19        1         0         
  19    4.875371e+01   9.355362e-02   9.153836e-02   23        20        1         0         
  20    4.875355e+01   8.454726e-02   3.362181e-02   24        21        1         0         
  21    4.875296e+01   5.713195e-02   1.675423e-01   25        22        1         0         
  22    4.875268e+01   2.446402e-02   9.984422e-02   26        23        1         0         
  23    4.875268e+01   1.161766e-01   1.898062e-01   27        24        1         0         
  24    4.875267e+01   1.417564e-01   1.577973e-02   28        25        1         0         
  25    4.875243e+01   9.399184e-03   1.201512e-02   29        26        1         0         
  26    4.875242e+01   1.074515e-02   3.252789e-02   30        27        1         0         
  27    4.875240e+01   1.293133e-02   4.746164e-02   31        28        1         0         
  28    4.875240e+01   1.178474e-02   2.759812e-02   32        29        1         0         
  29    4.875240e+01   2.213454e-03   1.336745e-02   33        30        1         0         
  30    4.875240e+01   1.056806e-04   1.712554e-03   34        31        1         0         
  31    4.875240e+01   1.551382e-05   3.150022e-04   35        32        1         0         
  32    4.875240e+01   1.050586e-05   1.683647e-04   36        33        1         0         
  33    4.875240e+01   4.122156e-06   5.284006e-05   37        34        1         0         
  34    4.875240e+01   8.464948e-07   1.053231e-05   38        35        1         0         
  35    4.875240e+01   8.464962e-07   3.747790e-14   46        36        8         0         
Optimization Terminated with Status: Step Tolerance Met
body: E = 211970.7845719314
body: nu = 0.254243380171564
body: Y = 329.4133146724669
body: S = 888.6199728052425
body: D = 2.848806703187281
