
Quasi-Newton Method with Limited-Memory BFGS
Line Search: Cubic Interpolation satisfying Strong Wolfe Conditions
  iter  value          gnorm          snorm          #fval     #grad     ls_#fval  ls_#grad  
  0     3.015874e+03   2.750994e+00   
  1     7.965949e+02   3.242674e+00   1.524615e+00   14        2         13        0         
  2     4.194870e+02   3.114702e+00   1.958506e-01   15        3         1         0         
  3     2.747799e+02   2.241758e+00   7.603843e-01   16        4         1         0         
  4     1.630776e+02   2.986233e+00   5.616991e-01   17        5         1         0         
  5     9.426755e+01   2.934351e+00   8.246348e-02   18        6         1         0         
  6     5.448706e+01   2.948716e+00   6.464396e-02   19        7         1         0         
  7     4.165843e+01   2.869078e+00   3.048269e-02   20        8         1         0         
  8     2.733737e+01   2.898549e+00   3.706321e-02   21        9         1         0         
  9     3.055180e+00   2.764642e+00   1.146696e-01   22        10        1         0         
  10    1.204250e+00   2.106864e+00   7.456929e-02   24        11        2         0         
  11    9.098930e-01   2.746196e+00   4.820828e-02   25        12        1         0         
  12    4.846120e-01   2.739163e+00   1.025897e-02   26        13        1         0         
  13    2.882116e-01   1.950310e+00   9.849475e-03   27        14        1         0         
  14    2.836599e-01   1.859737e+00   6.108901e-04   28        15        1         0         
  15    2.745750e-01   2.263343e+00   1.849882e-03   29        16        1         0         
  16    2.745750e-01   2.263343e+00   8.746310e-16   50        17        21        0         
Optimization Terminated with Status: Step Tolerance Met
body: E = 205265.2663883033
body: nu = 0.2485426945089446
body: Y = 332.6479196759746
body: S = 1029.888964619985
body: D = 2.350271262324046
