
Quasi-Newton Method with Limited-Memory BFGS
Line Search: Cubic Interpolation satisfying Strong Wolfe Conditions
  iter  value          gnorm          snorm          #fval     #grad     ls_#fval  ls_#grad  
  0     8.162200e-02   2.238744e-01   
  1     3.921812e-02   1.548943e-01   2.238744e-01   2         2         1         0         
  2     5.456867e-04   1.781317e-03   5.027393e-01   3         3         1         0         
  3     5.385400e-04   1.146320e-03   5.659515e-03   4         4         1         0         
  4     5.297841e-04   1.484309e-03   9.476135e-03   5         5         1         0         
  5     4.978734e-04   3.324060e-03   4.230611e-02   6         6         1         0         
  6     4.327260e-04   5.785227e-03   9.980314e-02   7         7         1         0         
  7     3.006404e-04   8.172496e-03   2.279984e-01   8         8         1         0         
  8     1.300052e-04   7.727242e-03   3.342718e-01   9         9         1         0         
  9     5.777816e-06   1.900595e-03   2.453220e-01   10        10        1         0         
  10    1.214739e-07   1.699477e-04   1.763532e-02   11        11        1         0         
  11    4.709953e-09   9.256953e-06   8.903619e-03   12        12        1         0         
  12    5.383170e-10   1.350597e-06   2.624690e-03   13        13        1         0         
  13    5.327317e-10   6.507289e-08   6.890706e-05   14        14        1         0         
  14    5.327239e-10   4.999048e-09   8.297621e-07   15        15        1         0         
Optimization Terminated with Status: Converged
body: Y = 329.9919641210486
body: S = 973.4770616453326
body: D = 2.570554488451668
