
Quasi-Newton Method with Limited-Memory BFGS
Line Search: Cubic Interpolation satisfying Strong Wolfe Conditions
  iter  value          gnorm          snorm          #fval     #grad     ls_#fval  ls_#grad  
  0     6.660068e+03   2.255339e+00   
  1     4.710979e+02   1.872665e+00   4.374786e-01   14        2         13        0         
  2     3.023462e+02   3.030427e+00   8.313191e-02   15        3         1         0         
  3     2.804973e+02   3.014303e+00   2.389429e-02   16        4         1         0         
  4     6.193999e+01   3.417175e+00   4.105264e-01   17        5         1         0         
  5     2.617750e+01   3.404023e+00   8.230535e-02   18        6         1         0         
  6     1.991437e+01   2.897765e+00   2.784070e-02   19        7         1         0         
  7     1.975990e+01   2.895922e+00   4.056986e-03   20        8         1         0         
  8     1.872005e+01   2.724753e+00   2.290229e-02   21        9         1         0         
  9     1.662708e+01   3.355391e+00   5.145237e-02   22        10        1         0         
  10    1.234437e+01   3.297733e+00   1.147537e-01   23        11        1         0         
  11    6.430597e+00   3.204401e+00   1.905284e-01   24        12        1         0         
  12    1.775109e+00   3.151443e+00   1.183089e-01   25        13        1         0         
  13    4.444249e-01   2.409025e+00   4.232564e-02   26        14        1         0         
  14    3.948586e-01   1.753875e+00   1.493276e-02   27        15        1         0         
  15    3.933172e-01   6.084268e-01   4.304278e-03   28        16        1         0         
  16    3.931354e-01   6.264298e-01   4.946032e-04   29        17        1         0         
  17    3.890817e-01   1.385159e+00   1.098637e-02   30        18        1         0         
  18    3.811922e-01   1.871507e+00   2.277469e-02   31        19        1         0         
  19    3.577006e-01   2.502920e+00   7.349419e-02   32        20        1         0         
  20    3.086417e-01   2.426481e+00   1.616881e-01   33        21        1         0         
  21    2.194447e-01   2.203998e+00   2.969016e-01   34        22        1         0         
  22    1.161484e-01   2.182841e+00   5.483831e-01   35        23        1         0         
  23    2.051503e-02   1.910548e+00   1.950334e-02   36        24        1         0         
  24    3.121130e-04   1.795265e+00   1.718436e-01   37        25        1         0         
  25    2.483898e-04   1.389658e+00   5.312690e-04   39        26        2         0         
  26    6.754065e-05   1.516853e-01   8.706223e-03   40        27        1         0         
  27    2.814923e-05   2.472592e-01   5.619237e-03   41        28        1         0         
  28    1.184224e-06   2.043823e-01   8.324900e-03   42        29        1         0         
  29    2.514971e-07   5.311132e-02   5.029635e-04   43        30        1         0         
  30    1.187712e-10   1.561367e-04   2.919587e-04   44        31        1         0         
  31    7.115280e-13   6.026651e-05   1.450982e-05   45        32        1         0         
  32    7.111454e-15   2.415021e-06   5.941475e-07   46        33        1         0         
  33    3.252801e-18   2.482812e-07   1.157163e-07   47        34        1         0         
  34    1.885087e-22   3.167303e-09   3.120378e-09   48        35        1         0         
Optimization Terminated with Status: Converged
body: E = 199891.9867542067
body: nu = 0.3033518842299632
body: Y = 329.5266527923881
body: S = 949.0324473611967
body: D = 2.658294329391712
