
Quasi-Newton Method with Limited-Memory BFGS
Line Search: Cubic Interpolation satisfying Strong Wolfe Conditions
  iter  value          gnorm          snorm          #fval     #grad     ls_#fval  ls_#grad  
  0     3.693205e+01   1.897367e+00   
  1     1.214149e+01   1.937020e+00   2.537181e-01   9         2         8         0         
  2     9.595723e+00   1.511515e+00   6.075440e-02   10        3         1         0         
  3     3.695299e-01   2.102243e+00   5.095432e-01   11        4         1         0         
  4     1.972822e-02   1.140342e+00   5.415604e-02   12        5         1         0         
  5     1.446411e-03   7.322184e-01   1.511191e-02   13        6         1         0         
  6     1.447341e-05   1.988600e-02   5.394265e-03   14        7         1         0         
  7     1.354576e-05   1.048186e-02   8.663508e-05   15        8         1         0         
  8     1.246752e-05   1.629321e-02   1.431389e-04   16        9         1         0         
  9     1.024941e-05   3.091408e-02   3.525591e-04   17        10        1         0         
  10    6.208073e-06   4.348887e-02   7.627926e-04   18        11        1         0         
  11    1.930768e-06   3.513876e-02   9.720700e-04   19        12        1         0         
  12    1.526932e-07   1.056194e-02   4.677088e-04   20        13        1         0         
  13    4.800435e-09   1.149553e-03   4.424780e-05   21        14        1         0         
  14    5.191672e-11   2.493347e-05   3.495914e-05   22        15        1         0         
  15    1.168636e-13   7.187223e-06   4.925773e-06   23        16        1         0         
  16    1.772051e-18   4.624963e-08   1.588134e-07   24        17        1         0         
  17    1.940551e-22   2.972543e-10   9.674304e-11   25        18        1         0         
Optimization Terminated with Status: Converged
body: Y = 1.999999999993599
body: S = 10.00000000000044
body: D = 50.00000000007653
