
Quasi-Newton Method with Limited-Memory BFGS
Line Search: Cubic Interpolation satisfying Strong Wolfe Conditions
  iter  value          gnorm          snorm          #fval     #grad     ls_#fval  ls_#grad  
  0     6.420755e+03   2.005087e+00   
  1     4.509171e+02   1.592590e+00   4.453506e-01   14        2         13        0         
  2     2.726897e+02   2.379403e+00   9.132273e-02   15        3         1         0         
  3     2.670114e+02   2.367935e+00   1.164850e-02   16        4         1         0         
  4     6.792082e+00   2.090820e+00   1.164397e+00   17        5         1         0         
  5     2.511439e-01   1.564629e+00   1.423164e-01   18        6         1         0         
  6     1.346314e-03   8.618922e-01   2.727443e-02   19        7         1         0         
  7     4.769993e-04   6.167849e-01   1.687823e-03   20        8         1         0         
  8     4.721720e-04   3.369638e-02   5.119443e-05   21        9         1         0         
  9     4.721591e-04   4.656117e-03   1.851467e-06   22        10        1         0         
  10    4.721585e-04   4.394990e-03   1.936585e-07   23        11        1         0         
  11    4.721412e-04   1.822851e-02   5.842252e-06   24        12        1         0         
  12    4.721107e-04   3.756927e-02   1.151126e-05   25        13        1         0         
  13    4.720159e-04   7.545220e-02   3.846943e-05   26        14        1         0         
  14    4.717827e-04   1.329742e-01   9.938281e-05   27        15        1         0         
  15    4.711586e-04   2.283075e-01   2.741949e-04   28        16        1         0         
  16    4.695514e-04   3.801919e-01   7.205976e-04   29        17        1         0         
  17    4.654374e-04   6.224631e-01   1.876087e-03   30        18        1         0         
  18    4.556127e-04   9.920450e-01   4.587796e-03   31        19        1         0         
  19    4.358426e-04   1.288854e+00   9.467591e-03   32        20        1         0         
  20    4.027086e-04   1.371835e+00   1.407100e-02   33        21        1         0         
  21    3.391691e-04   1.394470e+00   1.953345e-02   34        22        1         0         
  22    2.280222e-04   1.244593e+00   2.374585e-02   35        23        1         0         
  23    1.501725e-04   7.058517e-01   2.384009e-02   36        24        1         0         
  24    1.130471e-04   1.327971e+00   3.582703e-02   37        25        1         0         
  25    4.376948e-05   4.609633e-01   2.090243e-02   38        26        1         0         
  26    2.469154e-05   2.324042e-01   1.580437e-02   40        27        2         0         
  27    2.414694e-05   1.180633e+00   2.285937e-02   41        28        1         0         
  28    1.366027e-05   3.186646e-01   8.869227e-03   42        29        1         0         
  29    9.416948e-06   1.951755e-01   5.453637e-03   43        30        1         0         
  30    2.653717e-06   3.268281e-01   1.900722e-02   44        31        1         0         
  31    7.951760e-07   8.804121e-02   3.367839e-03   45        32        1         0         
  32    1.024936e-07   7.140508e-02   7.024169e-03   46        33        1         0         
  33    9.167185e-08   7.800514e-02   4.142003e-05   49        34        3         0         
  34    8.992238e-09   1.854534e-02   7.618436e-04   50        35        1         0         
  35    1.205234e-11   8.677502e-04   7.083329e-04   51        36        1         0         
  36    7.286546e-14   5.153271e-05   1.182469e-05   52        37        1         0         
  37    3.869392e-18   2.973700e-07   2.078299e-06   53        38        1         0         
  38    9.024165e-22   6.322421e-09   1.760501e-08   54        39        1         0         
Optimization Terminated with Status: Converged
body: Y = 329.999999999964
body: S = 999.999999975479
body: D = 2.500000000067043
